0.0 0.0 0.0 0.0 0.1 0.1 0.1 0.0 0.0 0.0 0.0 0
0.0 0.1 0.1 0.1 0.1 0.1 0.1 0.1 0.1 0.1 0.0 0
0.0 0.1 0.2 0.2 0.2 0.2 0.2 0.2 0.2 0.1 0.0 0
0.0 0.1 0.2 0.3 0.3 0.3 0.3 0.3 0.7 0.8 1.0 2
0.1 0.1 0.2 0.3 0.4 0.4 0.8 1.0 0.5 0.5 2.0 3
0.1 0.1 0.2 0.3 0.4 0.5 0.4 1.0 0.5 0.0 2.0 3
0.1 0.1 0.2 0.3 0.4 0.4 0.4 1.0 0.5 0.5 2.0 3
0.0 0.1 0.2 0.3 0.3 0.3 0.3 0.3 0.7 0.8 1.0 2
0.0 0.1 0.2 0.2 0.2 0.2 0.2 0.2 0.2 0.1 0.0 0
0.0 0.1 0.1 0.1 0.1 0.1 0.1 0.1 0.1 0.1 0.0 0
0.0 0.0 0.0 0.0 0.1 0.1 0.1 0.0 0.0 0.0 0.0 0
