4 4 4 4 4 4 4 4 4 4 4 4 4 4 4 4 4 4 4 4 4 4 4 4 4 4 4 4 4 4
4 4 4 4 4 4 4 4 4 4 4 4 4 4 4 4 4 4 4 4 4 4 4 4 4 4 4 4 4 4
4 4 4 4 4 4 4 4 4 4 4 4 4 4 4 4 4 4 4 4 4 4 4 4 4 4 4 4 4 4
4 4 4 4 4 4 4 4 4 4 4 4 4 4 4 4 4 4 4 4 4 4 4 4 4 4 4 4 4 4
4 4 4 4 4 4 4 4 4 4 4 4 4 4 4 4 4 4 4 4 4 4 4 4 4 4 4 4 4 4
4 4 4 4 4 4 4 4 4 4 4 4 4 4 4 4 4 4 4 4 4 4 4 4 4 4 4 4 4 4
4 4 4 4 4 4 4 4 4 4 4 4 4 4 4 4 4 4 4 4 4 4 4 4 4 4 4 4 4 4
4 4 4 4 4 4 4 4 4 4 4 4 4 4 4 4 4 4 4 4 4 4 4 4 4 4 4 4 4 4
4 4 4 4 4 4 4 4 4 4 4 4 4 4 4 4 4 4 4 4 4 4 4 4 4 4 4 4 4 4
4 4 4 4 4 4 4 4 4 4 4 4 4 4 4 4 4 4 4 4 4 4 4 4 4 4 4 4 4 4
4 4 4 4 4 4 4 4 4 4 4 4 4 4 4 4 4 4 4 4 4 4 4 4 4 4 4 4 4 4
4 4 4 4 4 4 4 4 4 4 4 4 4 4 4 4 4 4 4 4 4 4 4 4 4 4 4 4 4 4
4 4 4 4 4 4 4 4 4 4 4 4 4 4 4 4 4 4 4 4 4 4 4 4 4 4 4 4 4 4
4 4 4 4 4 4 4 4 4 4 4 4 4 4 4 4 4 4 4 4 4 4 4 4 4 4 4 4 4 4
4 4 4 4 4 4 4 4 4 4 4 4 4 4 4 4 4 4 4 4 4 4 4 4 4 4 4 4 4 4
4.2331 4.2331 4.2331 4.2331 4.2331 4.2331 4.2331 4.2331 4.2331 4.2331 4.2331 4.2331 4.2331 4.2331 4.2331 4.2331 4.2331 4.2331 4.2331 4.2331 4.2331 4.2331 4.2331 4.2331 4.2331 4.2331 4.2331 4.2331 4.2331 4.2331
4.5905 4.5905 4.5905 4.5905 4.5905 4.5905 4.5905 4.5905 4.5905 4.5905 4.5905 4.5905 4.5905 4.5905 4.5905 4.5905 4.5905 4.5905 4.5905 4.5905 4.5905 4.5905 4.5905 4.5905 4.5905 4.5905 4.5905 4.5905 4.5905 4.5905
5.0611 5.0611 5.0611 5.0611 5.0611 5.0611 5.0611 5.0611 5.0611 5.0611 5.0611 5.0611 5.0611 5.0611 5.0611 5.0611 5.0611 5.0611 5.0611 5.0611 5.0611 5.0611 5.0611 5.0611 5.0611 5.0611 5.0611 5.0611 5.0611 5.0611
5.6275 5.6275 5.6275 5.6275 5.6275 5.6275 5.6275 5.6275 5.6275 5.6275 5.6275 5.6275 5.6275 5.6275 5.6275 5.6275 5.6275 5.6275 5.6275 5.6275 5.6275 5.6275 5.6275 5.6275 5.6275 5.6275 5.6275 5.6275 5.6275 5.6275
6.2665 6.2665 6.2665 6.2665 6.2665 6.2665 6.2665 6.2665 6.2665 6.2665 6.2665 6.2665 6.2665 6.2665 6.2665 6.2665 6.2665 6.2665 6.2665 6.2665 6.2665 6.2665 6.2665 6.2665 6.2665 6.2665 6.2665 6.2665 6.2665 6.2665
6.951 6.951 6.951 6.951 6.951 6.951 6.951 6.951 6.951 6.951 6.951 6.951 6.951 6.951 6.951 6.951 6.951 6.951 6.951 6.951 6.951 6.951 6.951 6.951 6.951 6.951 6.951 6.951 6.951 6.951
7.6508 7.6508 7.6508 7.6508 7.6508 7.6508 7.6508 7.6508 7.6508 7.6508 7.6508 7.6508 7.6508 7.6508 7.6508 7.6508 7.6508 7.6508 7.6508 7.6508 7.6508 7.6508 7.6508 7.6508 7.6508 7.6508 7.6508 7.6508 7.6508 7.6508
8.3352 8.3352 8.3352 8.3352 8.3352 8.3352 8.3352 8.3352 8.3352 8.3352 8.3352 8.3352 8.3352 8.3352 8.3352 8.3352 8.3352 8.3352 8.3352 8.3352 8.3352 8.3352 8.3352 8.3352 8.3352 8.3352 8.3352 8.3352 8.3352 8.3352
8.9743 8.9743 8.9743 8.9743 8.9743 8.9743 8.9743 8.9743 8.9743 8.9743 8.9743 8.9743 8.9743 8.9743 8.9743 8.9743 8.9743 8.9743 8.9743 8.9743 8.9743 8.9743 8.9743 8.9743 8.9743 8.9743 8.9743 8.9743 8.9743 8.9743
9.5407 9.5407 9.5407 9.5407 9.5407 9.5407 9.5407 9.5407 9.5407 9.5407 9.5407 9.5407 9.5407 9.5407 9.5407 9.5407 9.5407 9.5407 9.5407 9.5407 9.5407 9.5407 9.5407 9.5407 9.5407 9.5407 9.5407 9.5407 9.5407 9.5407
10.011 10.011 10.011 10.011 10.011 10.011 10.011 10.011 10.011 10.011 10.011 10.011 10.011 10.011 10.011 10.011 10.011 10.011 10.011 10.011 10.011 10.011 10.011 10.011 10.011 10.011 10.011 10.011 10.011 10.011
10.369 10.369 10.369 10.369 10.369 10.369 10.369 10.369 10.369 10.369 10.369 10.369 10.369 10.369 10.369 10.369 10.369 10.369 10.369 10.369 10.369 10.369 10.369 10.369 10.369 10.369 10.369 10.369 10.369 10.369
10.602 10.602 10.602 10.602 10.602 10.602 10.602 10.602 10.602 10.602 10.602 10.602 10.602 10.602 10.602 10.602 10.602 10.602 10.602 10.602 10.602 10.602 10.602 10.602 10.602 10.602 10.602 10.602 10.602 10.602
10.707 10.707 10.707 10.707 10.707 10.707 10.707 10.707 10.707 10.707 10.707 10.707 10.707 10.707 10.707 10.707 10.707 10.707 10.707 10.707 10.707 10.707 10.707 10.707 10.707 10.707 10.707 10.707 10.707 10.707
10.688 10.688 10.688 10.688 10.688 10.688 10.688 10.688 10.688 10.688 10.688 10.688 10.688 10.688 10.688 10.688 10.688 10.688 10.688 10.688 10.688 10.688 10.688 10.688 10.688 10.688 10.688 10.688 10.688 10.688
10.556 10.556 10.556 10.556 10.556 10.556 10.556 10.556 10.556 10.556 10.556 10.556 10.556 10.556 10.556 10.556 10.556 10.556 10.556 10.556 10.556 10.556 10.556 10.556 10.556 10.556 10.556 10.556 10.556 10.556
10.328 10.328 10.328 10.328 10.328 10.328 10.328 10.328 10.328 10.328 10.328 10.328 10.328 10.328 10.328 10.328 10.328 10.328 10.328 10.328 10.328 10.328 10.328 10.328 10.328 10.328 10.328 10.328 10.328 10.328
10.027 10.027 10.027 10.027 10.027 10.027 10.027 10.027 10.027 10.027 10.027 10.027 10.027 10.027 10.027 10.027 10.027 10.027 10.027 10.027 10.027 10.027 10.027 10.027 10.027 10.027 10.027 10.027 10.027 10.027
9.6808 9.6808 9.6808 9.6808 9.6808 9.6808 9.6808 9.6808 9.6808 9.6808 9.6808 9.6808 9.6808 9.6808 9.6808 9.6808 9.6808 9.6808 9.6808 9.6808 9.6808 9.6808 9.6808 9.6808 9.6808 9.6808 9.6808 9.6808 9.6808 9.6808
9.3192 9.3192 9.3192 9.3192 9.3192 9.3192 9.3192 9.3192 9.3192 9.3192 9.3192 9.3192 9.3192 9.3192 9.3192 9.3192 9.3192 9.3192 9.3192 9.3192 9.3192 9.3192 9.3192 9.3192 9.3192 9.3192 9.3192 9.3192 9.3192 9.3192
8.9731 8.9731 8.9731 8.9731 8.9731 8.9731 8.9731 8.9731 8.9731 8.9731 8.9731 8.9731 8.9731 8.9731 8.9731 8.9731 8.9731 8.9731 8.9731 8.9731 8.9731 8.9731 8.9731 8.9731 8.9731 8.9731 8.9731 8.9731 8.9731 8.9731
8.6724 8.6724 8.6724 8.6724 8.6724 8.6724 8.6724 8.6724 8.6724 8.6724 8.6724 8.6724 8.6724 8.6724 8.6724 8.6724 8.6724 8.6724 8.6724 8.6724 8.6724 8.6724 8.6724 8.6724 8.6724 8.6724 8.6724 8.6724 8.6724 8.6724
8.4444 8.4444 8.4444 8.4444 8.4444 8.4444 8.4444 8.4444 8.4444 8.4444 8.4444 8.4444 8.4444 8.4444 8.4444 8.4444 8.4444 8.4444 8.4444 8.4444 8.4444 8.4444 8.4444 8.4444 8.4444 8.4444 8.4444 8.4444 8.4444 8.4444
8.3121 8.3121 8.3121 8.3121 8.3121 8.3121 8.3121 8.3121 8.3121 8.3121 8.3121 8.3121 8.3121 8.3121 8.3121 8.3121 8.3121 8.3121 8.3121 8.3121 8.3121 8.3121 8.3121 8.3121 8.3121 8.3121 8.3121 8.3121 8.3121 8.3121
8.293 8.293 8.293 8.293 8.293 8.293 8.293 8.293 8.293 8.293 8.293 8.293 8.293 8.293 8.293 8.293 8.293 8.293 8.293 8.293 8.293 8.293 8.293 8.293 8.293 8.293 8.293 8.293 8.293 8.293
8.3982 8.3982 8.3982 8.3982 8.3982 8.3982 8.3982 8.3982 8.3982 8.3982 8.3982 8.3982 8.3982 8.3982 8.3982 8.3982 8.3982 8.3982 8.3982 8.3982 8.3982 8.3982 8.3982 8.3982 8.3982 8.3982 8.3982 8.3982 8.3982 8.3982
8.6314 8.6314 8.6314 8.6314 8.6314 8.6314 8.6314 8.6314 8.6314 8.6314 8.6314 8.6314 8.6314 8.6314 8.6314 8.6314 8.6314 8.6314 8.6314 8.6314 8.6314 8.6314 8.6314 8.6314 8.6314 8.6314 8.6314 8.6314 8.6314 8.6314
8.9887 8.9887 8.9887 8.9887 8.9887 8.9887 8.9887 8.9887 8.9887 8.9887 8.9887 8.9887 8.9887 8.9887 8.9887 8.9887 8.9887 8.9887 8.9887 8.9887 8.9887 8.9887 8.9887 8.9887 8.9887 8.9887 8.9887 8.9887 8.9887 8.9887
9.4593 9.4593 9.4593 9.4593 9.4593 9.4593 9.4593 9.4593 9.4593 9.4593 9.4593 9.4593 9.4593 9.4593 9.4593 9.4593 9.4593 9.4593 9.4593 9.4593 9.4593 9.4593 9.4593 9.4593 9.4593 9.4593 9.4593 9.4593 9.4593 9.4593
10.026 10.026 10.026 10.026 10.026 10.026 10.026 10.026 10.026 10.026 10.026 10.026 10.026 10.026 10.026 10.026 10.026 10.026 10.026 10.026 10.026 10.026 10.026 10.026 10.026 10.026 10.026 10.026 10.026 10.026
10.665 10.665 10.665 10.665 10.665 10.665 10.665 10.665 10.665 10.665 10.665 10.665 10.665 10.665 10.665 10.665 10.665 10.665 10.665 10.665 10.665 10.665 10.665 10.665 10.665 10.665 10.665 10.665 10.665 10.665
11.349 11.349 11.349 11.349 11.349 11.349 11.349 11.349 11.349 11.349 11.349 11.349 11.349 11.349 11.349 11.349 11.349 11.349 11.349 11.349 11.349 11.349 11.349 11.349 11.349 11.349 11.349 11.349 11.349 11.349
12.049 12.049 12.049 12.049 12.049 12.049 12.049 12.049 12.049 12.049 12.049 12.049 12.049 12.049 12.049 12.049 12.049 12.049 12.049 12.049 12.049 12.049 12.049 12.049 12.049 12.049 12.049 12.049 12.049 12.049
12.733 12.733 12.733 12.733 12.733 12.733 12.733 12.733 12.733 12.733 12.733 12.733 12.733 12.733 12.733 12.733 12.733 12.733 12.733 12.733 12.733 12.733 12.733 12.733 12.733 12.733 12.733 12.733 12.733 12.733
13.373 13.373 13.373 13.373 13.373 13.373 13.373 13.373 13.373 13.373 13.373 13.373 13.373 13.373 13.373 13.373 13.373 13.373 13.373 13.373 13.373 13.373 13.373 13.373 13.373 13.373 13.373 13.373 13.373 13.373
13.939 13.939 13.939 13.939 13.939 13.939 13.939 13.939 13.939 13.939 13.939 13.939 13.939 13.939 13.939 13.939 13.939 13.939 13.939 13.939 13.939 13.939 13.939 13.939 13.939 13.939 13.939 13.939 13.939 13.939
14.41 14.41 14.41 14.41 14.41 14.41 14.41 14.41 14.41 14.41 14.41 14.41 14.41 14.41 14.41 14.41 14.41 14.41 14.41 14.41 14.41 14.41 14.41 14.41 14.41 14.41 14.41 14.41 14.41 14.41
14.767 14.767 14.767 14.767 14.767 14.767 14.767 14.767 14.767 14.767 14.767 14.767 14.767 14.767 14.767 14.767 14.767 14.767 14.767 14.767 14.767 14.767 14.767 14.767 14.767 14.767 14.767 14.767 14.767 14.767
15 15 15 15 15 15 15 15 15 15 15 15 15 15 15 15 15 15 15 15 15 15 15 15 15 15 15 15 15 15
15 15 15 15 15 15 15 15 15 15 15 15 15 15 15 15 15 15 15 15 15 15 15 15 15 15 15 15 15 15
15 15 15 15 15 15 15 15 15 15 15 15 15 15 15 15 15 15 15 15 15 15 15 15 15 15 15 15 15 15
15 15 15 15 15 15 15 15 15 15 15 15 15 15 15 15 15 15 15 15 15 15 15 15 15 15 15 15 15 15
15 15 15 15 15 15 15 15 15 15 15 15 15 15 15 15 15 15 15 15 15 15 15 15 15 15 15 15 15 15
15 15 15 15 15 15 15 15 15 15 15 15 15 15 15 15 15 15 15 15 15 15 15 15 15 15 15 15 15 15
15 15 15 15 15 15 15 15 15 15 15 15 15 15 15 15 15 15 15 15 15 15 15 15 15 15 15 15 15 15
15 15 15 15 15 15 15 15 15 15 15 15 15 15 15 15 15 15 15 15 15 15 15 15 15 15 15 15 15 15
15 15 15 15 15 15 15 15 15 15 15 15 15 15 15 15 15 15 15 15 15 15 15 15 15 15 15 15 15 15
15 15 15 15 15 15 15 15 15 15 15 15 15 15 15 15 15 15 15 15 15 15 15 15 15 15 15 15 15 15
15 15 15 15 15 15 15 15 15 15 15 15 15 15 15 15 15 15 15 15 15 15 15 15 15 15 15 15 15 15
15 15 15 15 15 15 15 15 15 15 15 15 15 15 15 15 15 15 15 15 15 15 15 15 15 15 15 15 15 15
